image: ./lab3map.pgm
<<<<<<< HEAD
resolution: 1
origin: [-0.5, -0.5, 0.000000]
=======
resolution: 1.0000
origin: [0, 0, 0.000000]
>>>>>>> 5dcc938fdfbdb5de963f4f2066c7b7b8b1337c22
negate: 0
occupied_thresh: 0.65
free_thresh: 0.196

